a1 =[5, 4, 3, 2, 1; 
     4, 3, 2, 1, 5;
     3, 2, 1, 5, 4;
     2, 1, 5, 4, 3;
     1, 5, 4, 3, 2];
     
a2 =[1 0 0 0 0; 
    2,1 0 0 0; 
    3, 2, 1 0 0 ;
    4, 3, 2, 1 0;
    5, 4, 3, 2, 1];
 